8

3

9 13 8 8 14 14 14 3 
11 12 5 1 4 15 6 14 
1 9 4 14 7 1 9 4 
14 12 9 8 11 5 1 5 
6 13 10 4 4 12 10 12 
8 4 13 13 6 5 2 2 
15 3 13 4 5 9 8 13 
10 9 3 15 6 14 13 12

1 5 7 5 14 13 15 3 
8 10 12 11 15 8 5 11 
8 4 10 4 8 9 5 12 
14 8 6 7 10 12 6 12 
15 12 12 12 9 10 12 8 
13 11 6 9 11 15 9 13 
5 8 12 12 15 11 5 5 
14 3 11 10 12 14 15 6

10 9 2 2 12 10 9 6 
15 6 3 15 3 7 13 15 
12 14 2 12 3 6 11 4 
3 8 10 14 5 15 12 12 
7 6 2 9 15 2 15 5 
3 8 7 3 13 15 3 7 
15 2 14 12 11 14 3 12 
6 15 8 14 13 8 12 15

14 19 17 13 18 15 17 13

14 22 11 18 15 14 19 13

920 680 300

1 1 1