10

3

18,389291119943042 16,198802178818177 18,507172008281188 17,719942646902027 11,863718080270903 18,35839176474064 17,959133823383198 17,64495734947033 10,341516048806493 11,202469263785737 
13,246191480777316 18,798103057219695 14,851640604832973 13,17105185853832 12,868765868651106 17,56286125050991 17,60635765157936 13,955415084005992 12,772835536288486 14,936087520297658 
12,007482341494171 17,01998120035044 18,291228450039043 19,62542301492087 17,63914399204736 19,111297865915716 14,112925251998439 10,18850223170058 11,891290290230554 15,402672791575394 
12,862183904676783 15,620321438471006 10,69777689906665 17,980970771974405 19,135564216010067 11,095203301448004 11,76386247936816 13,684569696748895 11,393851694368688 13,24619113153135 
19,86401862458513 11,974885720747935 12,808775553856407 12,757383721301977 10,849416451924208 15,198458659089384 13,839942586533699 10,579795264908949 17,69154432587863 19,344813399643087 
17,82970753397313 17,150081324926614 11,493233382465892 16,37416786811043 15,834975557324931 11,369309919592602 17,907573728779134 18,881748993360322 10,08079865485467 12,752420214355187 
14,245466512742205 17,770631591682616 15,753667059239778 14,938843257231099 18,340285359108954 17,62587004230631 18,100326158153045 16,870669832858567 14,03548764252825 11,773562567203102 
15,798998771141747 13,921787954830465 12,561563389637303 19,526644404757135 15,072068895712526 10,032596620746235 14,211205646494033 15,533844728737066 18,77600656299666 12,440685332957974 
15,271355279382018 13,53312998708949 12,496957905821947 12,54647689058747 17,572965257602263 15,712102579750168 14,127088056005112 14,32360903095622 12,145995214649474 17,766254296417465 
13,187629572668872 12,88211348600784 13,603771041894225 18,6414314800135 19,000724618789146 12,093387032902514 16,22121866150816 17,869932296625308 14,417098362193023 13,2235464096179 

17,098132500936337 16,969272753675128 16,5443076223807 15,917981758675529 13,545814628501336 13,907919579142668 14,58851793528931 11,966588977708756 11,302098972397904 15,802378936578696 
17,15810427309857 12,373729000042067 10,105742430363662 17,640113321896695 17,48106493497317 10,712336525652715 15,273673685860668 13,207190168652307 17,365877999628836 12,628182779358784 
13,498781986301198 13,776717127196825 14,724674618209095 16,269233346110784 18,585932994534232 12,916885285133908 10,31801691293624 13,920131909623803 10,525919785967991 12,978681862810014 
13,811377959238076 16,34127334986873 11,116746366544042 15,55246015337876 15,342552832021635 18,302082525706886 16,988822364708792 16,57897614714642 19,00066226208613 13,665045678459595 
11,123584644460857 12,160499078296358 13,021510058558317 16,343616278070776 10,608150023318897 10,813900572626805 12,776371055644178 15,96365771999753 11,16036654504033 18,288388093136433 
16,819713347041848 13,014028492855854 10,50405429699647 11,788915582834239 19,7247644233167 13,321415373739514 12,244598135466035 10,275074276269914 17,332048764141298 10,628929343367428 
13,589902666206427 10,668386025665507 11,440669191740765 18,32341710958789 11,99100097734062 10,816830923229842 11,256982633498023 14,553282276984902 12,29756048987506 19,178982409266283 
13,723514160943923 18,694697538714248 14,206527906566173 13,700832321169242 11,504598134897927 11,33828290800484 10,755207068638507 18,381058340138317 15,661083322791887 17,772032421907426 
10,14051422948973 14,35435919293871 12,759765364583473 12,23753169283156 16,158968515768166 10,797349466382222 15,837219052872257 19,327830783709807 15,82769573006206 12,021137458282121 
16,05748439024085 16,713748088438876 19,24692738300512 18,371732918718706 10,075143012253168 10,45519861879535 10,719829886555592 14,698092948970428 14,352615300730157 19,791319100089055 

19,55691793912878 18,223088778659275 13,66609723012247 11,98138413577405 14,564873932192508 18,125015808327596 18,807500586289677 16,803221975827228 10,28431744793631 18,38648151531186 
12,566208305101007 13,863539795327718 14,613990953478027 19,560016342233872 10,488415113877698 19,235543473267715 17,908620661082036 19,203137498909207 12,164448593819722 11,193651510958398 
14,979611870357587 11,92915184978822 18,72558654692284 10,27642303159294 13,121498019025427 17,009766072505045 19,44777015570913 15,834794987847467 13,625689308916074 11,049399516102579 
10,618453021449248 16,05711411966808 14,02844303940816 15,869764222702834 18,215114482778645 11,917425450830454 10,688261962816242 10,778381228809423 17,672657760639048 18,03395270744057 
11,989848880092543 19,03399707704503 19,043513335773493 17,4412142147502 19,454929153181112 12,193944594913138 12,099757134960852 19,686911040771246 17,883317804841006 10,839599538985453 
12,546577957713314 11,516692387646387 12,533644355150706 13,15896378977176 14,811707229731468 17,62776608934056 19,497502231736433 13,389674198529532 18,859886116748623 17,555107859687464 
18,677245652618467 12,972705598442213 13,177532666911153 19,23491793183373 17,768028493862612 16,50909418543293 19,835096755919558 18,744226730775196 11,34490185945523 18,570989663047246 
18,547281510451477 17,130239432272614 11,530479738270156 14,130495886379151 19,203802630865855 15,945614793312558 12,885638514014724 11,28437233217264 10,821493878411825 10,927553424112292 
14,910008937544195 19,760859114937887 17,95147718300646 12,78608976993062 18,502821558389265 19,10176063380286 13,523469764517372 10,8694792496364 11,058056992971364 10,58734839343808 
12,419923219094017 17,298587764286708 11,9184951120608 10,117549900951586 19,356707054822103 19,01714328165033 15,856464410133876 19,808595403939762 19,673185720887588 12,945834967748185 

16 17 11 12 20 14 14 14 17 11 

18 10 13 18 13 14 19 11 15 15 

14 11 18 

1 1 1 
